#Lambda			voids		sheets		filaments	knots
0.00000e+00		1.35004e-03	1.48186e-01	6.39049e-01	2.11415e-01
1.01010e-02		1.80006e-03	1.57500e-01	6.32937e-01	2.07763e-01
2.02020e-02		2.41573e-03	1.66767e-01	6.26370e-01	2.04447e-01
3.03030e-02		3.16246e-03	1.75946e-01	6.19897e-01	2.00995e-01
4.04040e-02		4.09710e-03	1.84746e-01	6.13282e-01	1.97875e-01
5.05051e-02		5.13807e-03	1.93499e-01	6.06282e-01	1.95081e-01
6.06061e-02		6.31750e-03	2.01903e-01	5.99569e-01	1.92210e-01
7.07071e-02		7.72936e-03	2.10028e-01	5.92839e-01	1.89404e-01
8.08081e-02		9.41815e-03	2.18234e-01	5.85574e-01	1.86773e-01
9.09091e-02		1.12009e-02	2.26008e-01	5.78720e-01	1.84070e-01
1.01010e-01		1.32012e-02	2.33293e-01	5.71950e-01	1.81556e-01
1.11111e-01		1.53573e-02	2.40315e-01	5.65109e-01	1.79219e-01
1.21212e-01		1.77335e-02	2.47080e-01	5.58395e-01	1.76791e-01
1.31313e-01		2.02308e-02	2.53237e-01	5.51994e-01	1.74539e-01
1.41414e-01		2.30793e-02	2.58884e-01	5.45694e-01	1.72343e-01
1.51515e-01		2.59599e-02	2.64667e-01	5.39181e-01	1.70192e-01
1.61616e-01		2.89542e-02	2.70134e-01	5.32730e-01	1.68182e-01
1.71717e-01		3.21859e-02	2.75263e-01	5.26395e-01	1.66156e-01
1.81818e-01		3.57192e-02	2.79896e-01	5.20152e-01	1.64233e-01
1.91919e-01		3.92501e-02	2.84055e-01	5.14227e-01	1.62467e-01
2.02020e-01		4.30752e-02	2.88113e-01	5.08271e-01	1.60541e-01
2.12121e-01		4.69943e-02	2.91641e-01	5.02574e-01	1.58791e-01
2.22222e-01		5.09060e-02	2.95170e-01	4.96684e-01	1.57240e-01
2.32323e-01		5.49511e-02	2.98505e-01	4.91037e-01	1.55507e-01
2.42424e-01		5.91867e-02	3.01502e-01	4.85498e-01	1.53813e-01
2.52525e-01		6.34668e-02	3.04560e-01	4.79774e-01	1.52199e-01
2.62626e-01		6.78186e-02	3.07270e-01	4.74292e-01	1.50619e-01
2.72727e-01		7.21753e-02	3.09802e-01	4.68855e-01	1.49167e-01
2.82828e-01		7.66062e-02	3.11968e-01	4.63601e-01	1.47825e-01
2.92929e-01		8.12621e-02	3.14053e-01	4.58369e-01	1.46316e-01
3.03030e-01		8.59131e-02	3.15892e-01	4.53278e-01	1.44917e-01
3.13131e-01		9.06630e-02	3.17460e-01	4.48523e-01	1.43354e-01
3.23232e-01		9.54994e-02	3.18887e-01	4.43649e-01	1.41965e-01
3.33333e-01		1.00227e-01	3.19977e-01	4.39169e-01	1.40627e-01
3.43434e-01		1.05155e-01	3.20813e-01	4.34825e-01	1.39208e-01
3.53535e-01		1.09976e-01	3.21822e-01	4.30196e-01	1.38006e-01
3.63636e-01		1.14890e-01	3.22618e-01	4.25703e-01	1.36789e-01
3.73737e-01		1.19862e-01	3.23253e-01	4.21342e-01	1.35543e-01
3.83838e-01		1.24926e-01	3.23822e-01	4.16851e-01	1.34401e-01
3.93939e-01		1.30086e-01	3.23740e-01	4.12954e-01	1.33219e-01
4.04040e-01		1.35071e-01	3.24260e-01	4.08541e-01	1.32129e-01
4.14141e-01		1.40135e-01	3.24292e-01	4.04587e-01	1.30986e-01
4.24242e-01		1.45199e-01	3.24349e-01	4.00569e-01	1.29883e-01
4.34343e-01		1.50077e-01	3.24415e-01	3.96662e-01	1.28845e-01
4.44444e-01		1.55512e-01	3.23951e-01	3.92810e-01	1.27727e-01
4.54545e-01		1.60366e-01	3.24017e-01	3.88859e-01	1.26758e-01
4.64646e-01		1.65625e-01	3.23560e-01	3.85002e-01	1.25813e-01
4.74747e-01		1.70800e-01	3.23098e-01	3.81295e-01	1.24807e-01
4.84848e-01		1.75948e-01	3.22578e-01	3.77480e-01	1.23994e-01
4.94949e-01		1.80960e-01	3.21876e-01	3.74107e-01	1.23057e-01
5.05051e-01		1.86016e-01	3.21317e-01	3.70525e-01	1.22142e-01
5.15152e-01		1.91234e-01	3.20605e-01	3.66937e-01	1.21224e-01
5.25253e-01		1.96485e-01	3.19611e-01	3.63730e-01	1.20173e-01
5.35354e-01		2.01475e-01	3.18879e-01	3.60328e-01	1.19318e-01
5.45455e-01		2.06579e-01	3.17853e-01	3.57135e-01	1.18433e-01
5.55556e-01		2.11524e-01	3.16842e-01	3.53998e-01	1.17637e-01
5.65657e-01		2.16390e-01	3.15875e-01	3.50867e-01	1.16868e-01
5.75758e-01		2.21491e-01	3.14780e-01	3.47688e-01	1.16042e-01
5.85859e-01		2.26369e-01	3.13848e-01	3.44508e-01	1.15275e-01
5.95960e-01		2.31601e-01	3.12406e-01	3.41617e-01	1.14375e-01
6.06061e-01		2.36509e-01	3.11321e-01	3.38655e-01	1.13515e-01
6.16162e-01		2.41314e-01	3.10250e-01	3.35688e-01	1.12748e-01
6.26263e-01		2.46017e-01	3.09219e-01	3.32850e-01	1.11915e-01
6.36364e-01		2.50794e-01	3.08094e-01	3.29895e-01	1.11218e-01
6.46465e-01		2.55489e-01	3.06833e-01	3.27276e-01	1.10402e-01
6.56566e-01		2.60192e-01	3.05742e-01	3.24430e-01	1.09635e-01
6.66667e-01		2.64873e-01	3.04467e-01	3.21624e-01	1.09037e-01
6.76768e-01		2.69477e-01	3.03114e-01	3.19018e-01	1.08392e-01
6.86869e-01		2.74162e-01	3.01722e-01	3.16434e-01	1.07682e-01
6.96970e-01		2.78863e-01	3.00421e-01	3.13843e-01	1.06873e-01
7.07071e-01		2.83568e-01	2.98906e-01	3.11256e-01	1.06270e-01
7.17172e-01		2.87979e-01	2.97657e-01	3.08786e-01	1.05578e-01
7.27273e-01		2.92645e-01	2.96319e-01	3.06002e-01	1.05034e-01
7.37374e-01		2.97093e-01	2.94947e-01	3.03586e-01	1.04374e-01
7.47475e-01		3.01613e-01	2.93365e-01	3.01319e-01	1.03703e-01
7.57576e-01		3.06148e-01	2.91804e-01	2.98990e-01	1.03058e-01
7.67677e-01		3.10616e-01	2.90326e-01	2.96616e-01	1.02442e-01
7.77778e-01		3.14918e-01	2.89154e-01	2.94156e-01	1.01772e-01
7.87879e-01		3.19233e-01	2.87771e-01	2.91752e-01	1.01243e-01
7.97980e-01		3.23721e-01	2.86063e-01	2.89609e-01	1.00608e-01
8.08081e-01		3.27820e-01	2.84770e-01	2.87388e-01	1.00022e-01
8.18182e-01		3.32061e-01	2.83276e-01	2.85200e-01	9.94630e-02
8.28283e-01		3.36254e-01	2.81815e-01	2.83039e-01	9.88918e-02
8.38384e-01		3.40532e-01	2.80292e-01	2.80880e-01	9.82959e-02
8.48485e-01		3.44753e-01	2.78754e-01	2.78751e-01	9.77420e-02
8.58586e-01		3.48879e-01	2.77226e-01	2.76721e-01	9.71733e-02
8.68687e-01		3.53117e-01	2.75544e-01	2.74736e-01	9.66021e-02
8.78788e-01		3.57190e-01	2.74056e-01	2.72691e-01	9.60631e-02
8.88889e-01		3.61161e-01	2.72644e-01	2.70730e-01	9.54648e-02
8.98990e-01		3.65179e-01	2.71178e-01	2.68653e-01	9.49900e-02
9.09091e-01		3.69291e-01	2.69326e-01	2.67004e-01	9.43793e-02
9.19192e-01		3.73230e-01	2.67877e-01	2.65014e-01	9.38798e-02
9.29293e-01		3.77198e-01	2.66413e-01	2.63139e-01	9.32493e-02
9.39394e-01		3.81107e-01	2.64947e-01	2.61285e-01	9.26608e-02
9.49495e-01		3.84866e-01	2.63476e-01	2.59549e-01	9.21094e-02
9.59596e-01		3.88837e-01	2.61873e-01	2.57707e-01	9.15828e-02
9.69697e-01		3.92568e-01	2.60407e-01	2.56006e-01	9.10190e-02
9.79798e-01		3.96225e-01	2.59045e-01	2.54147e-01	9.05838e-02
9.89899e-01		3.99860e-01	2.57675e-01	2.52354e-01	9.01116e-02
1.00000e+00		4.03235e-01	2.56491e-01	2.50626e-01	8.96492e-02
