#Lambda			voids		sheets		filaments	knots
0.00000e+00		1.93287e-03	1.83229e-01	6.66356e-01	1.48481e-01
1.01010e-02		2.58796e-03	1.94083e-01	6.58241e-01	1.45088e-01
2.02020e-02		3.50926e-03	2.04650e-01	6.49810e-01	1.42030e-01
3.03030e-02		4.64815e-03	2.15130e-01	6.41257e-01	1.38965e-01
4.04040e-02		6.02083e-03	2.25030e-01	6.32806e-01	1.36144e-01
5.05051e-02		7.48148e-03	2.34810e-01	6.24183e-01	1.33525e-01
6.06061e-02		9.16204e-03	2.44062e-01	6.15882e-01	1.30894e-01
7.07071e-02		1.10787e-02	2.52993e-01	6.07519e-01	1.28410e-01
8.08081e-02		1.32292e-02	2.61917e-01	5.98775e-01	1.26079e-01
9.09091e-02		1.56481e-02	2.70137e-01	5.90495e-01	1.23720e-01
1.01010e-01		1.83634e-02	2.77847e-01	5.82257e-01	1.21532e-01
1.11111e-01		2.11782e-02	2.85447e-01	5.73887e-01	1.19488e-01
1.21212e-01		2.42894e-02	2.92426e-01	5.65882e-01	1.17403e-01
1.31313e-01		2.75671e-02	2.98766e-01	5.58201e-01	1.15465e-01
1.41414e-01		3.11412e-02	3.04606e-01	5.50699e-01	1.13553e-01
1.51515e-01		3.47755e-02	3.10507e-01	5.43032e-01	1.11685e-01
1.61616e-01		3.86481e-02	3.15773e-01	5.35620e-01	1.09958e-01
1.71717e-01		4.29190e-02	3.20447e-01	5.28403e-01	1.08231e-01
1.81818e-01		4.72639e-02	3.24991e-01	5.21194e-01	1.06551e-01
1.91919e-01		5.16921e-02	3.28963e-01	5.14280e-01	1.05065e-01
2.02020e-01		5.63866e-02	3.32799e-01	5.07428e-01	1.03387e-01
2.12121e-01		6.11505e-02	3.36157e-01	5.00738e-01	1.01954e-01
2.22222e-01		6.60972e-02	3.39269e-01	4.94053e-01	1.00581e-01
2.32323e-01		7.10000e-02	3.42345e-01	4.87637e-01	9.90185e-02
2.42424e-01		7.61065e-02	3.44884e-01	4.81463e-01	9.75463e-02
2.52525e-01		8.12500e-02	3.47583e-01	4.74977e-01	9.61898e-02
2.62626e-01		8.65093e-02	3.49819e-01	4.68796e-01	9.48750e-02
2.72727e-01		9.18287e-02	3.51898e-01	4.62632e-01	9.36412e-02
2.82828e-01		9.71551e-02	3.53671e-01	4.56734e-01	9.24398e-02
2.92929e-01		1.02606e-01	3.55148e-01	4.51032e-01	9.12130e-02
3.03030e-01		1.08176e-01	3.56352e-01	4.45410e-01	9.00625e-02
3.13131e-01		1.13729e-01	3.57512e-01	4.39919e-01	8.88403e-02
3.23232e-01		1.19456e-01	3.58324e-01	4.34477e-01	8.77431e-02
3.33333e-01		1.25019e-01	3.58829e-01	4.29502e-01	8.66505e-02
3.43434e-01		1.30769e-01	3.59141e-01	4.24537e-01	8.55532e-02
3.53535e-01		1.36493e-01	3.59613e-01	4.19319e-01	8.45741e-02
3.63636e-01		1.42190e-01	3.59877e-01	4.14375e-01	8.35579e-02
3.73737e-01		1.48023e-01	3.59831e-01	4.09583e-01	8.25625e-02
3.83838e-01		1.54051e-01	3.59750e-01	4.04602e-01	8.15972e-02
3.93939e-01		1.59968e-01	3.59178e-01	4.00227e-01	8.06273e-02
4.04040e-01		1.65829e-01	3.59023e-01	3.95475e-01	7.96736e-02
4.14141e-01		1.71583e-01	3.58498e-01	3.91118e-01	7.88009e-02
4.24242e-01		1.77421e-01	3.57977e-01	3.86662e-01	7.79398e-02
4.34343e-01		1.83042e-01	3.57433e-01	3.82389e-01	7.71366e-02
4.44444e-01		1.89190e-01	3.56456e-01	3.78095e-01	7.62593e-02
4.54545e-01		1.94838e-01	3.55905e-01	3.73764e-01	7.54931e-02
4.64646e-01		2.00838e-01	3.54829e-01	3.69606e-01	7.47269e-02
4.74747e-01		2.06634e-01	3.53928e-01	3.65500e-01	7.39375e-02
4.84848e-01		2.12475e-01	3.52810e-01	3.61458e-01	7.32569e-02
4.94949e-01		2.18132e-01	3.51609e-01	3.57806e-01	7.24537e-02
5.05051e-01		2.23905e-01	3.50468e-01	3.53942e-01	7.16852e-02
5.15152e-01		2.29870e-01	3.49069e-01	3.50072e-01	7.09884e-02
5.25253e-01		2.35852e-01	3.47428e-01	3.46528e-01	7.01921e-02
5.35354e-01		2.41542e-01	3.46171e-01	3.42759e-01	6.95278e-02
5.45455e-01		2.47255e-01	3.44463e-01	3.39442e-01	6.88403e-02
5.55556e-01		2.52852e-01	3.42829e-01	3.36039e-01	6.82801e-02
5.65657e-01		2.58222e-01	3.41400e-01	3.32697e-01	6.76806e-02
5.75758e-01		2.63836e-01	3.39810e-01	3.29266e-01	6.70880e-02
5.85859e-01		2.69303e-01	3.38269e-01	3.25958e-01	6.64699e-02
5.95960e-01		2.75058e-01	3.36373e-01	3.22794e-01	6.57755e-02
6.06061e-01		2.80505e-01	3.34720e-01	3.19655e-01	6.51204e-02
6.16162e-01		2.85794e-01	3.33183e-01	3.16463e-01	6.45602e-02
6.26263e-01		2.91072e-01	3.31660e-01	3.13322e-01	6.39468e-02
6.36364e-01		2.96361e-01	3.29993e-01	3.10220e-01	6.34259e-02
6.46465e-01		3.01519e-01	3.28218e-01	3.07442e-01	6.28218e-02
6.56566e-01		3.06667e-01	3.26616e-01	3.04468e-01	6.22500e-02
6.66667e-01		3.11769e-01	3.24924e-01	3.01569e-01	6.17384e-02
6.76768e-01		3.16993e-01	3.22924e-01	2.98836e-01	6.12477e-02
6.86869e-01		3.22067e-01	3.21081e-01	2.96123e-01	6.07292e-02
6.96970e-01		3.27255e-01	3.19310e-01	2.93329e-01	6.01065e-02
7.07071e-01		3.32343e-01	3.17340e-01	2.90681e-01	5.96366e-02
7.17172e-01		3.37104e-01	3.15748e-01	2.88065e-01	5.90833e-02
7.27273e-01		3.42088e-01	3.13965e-01	2.85299e-01	5.86481e-02
7.37374e-01		3.46975e-01	3.12042e-01	2.82808e-01	5.81759e-02
7.47475e-01		3.51868e-01	3.10030e-01	2.80391e-01	5.77106e-02
7.57576e-01		3.56687e-01	3.08074e-01	2.78025e-01	5.72130e-02
7.67677e-01		3.61516e-01	3.06164e-01	2.75574e-01	5.67454e-02
7.77778e-01		3.66176e-01	3.04623e-01	2.72965e-01	5.62361e-02
7.87879e-01		3.70863e-01	3.02787e-01	2.70581e-01	5.57685e-02
7.97980e-01		3.75602e-01	3.00764e-01	2.68361e-01	5.52731e-02
8.08081e-01		3.80102e-01	2.99067e-01	2.65965e-01	5.48657e-02
8.18182e-01		3.84662e-01	2.97134e-01	2.63794e-01	5.44097e-02
8.28283e-01		3.89185e-01	2.95301e-01	2.61507e-01	5.40069e-02
8.38384e-01		3.93713e-01	2.93440e-01	2.59280e-01	5.35671e-02
8.48485e-01		3.98169e-01	2.91625e-01	2.57014e-01	5.31921e-02
8.58586e-01		4.02586e-01	2.89745e-01	2.54891e-01	5.27778e-02
8.68687e-01		4.07009e-01	2.87789e-01	2.52847e-01	5.23542e-02
8.78788e-01		4.11278e-01	2.85988e-01	2.50773e-01	5.19606e-02
8.88889e-01		4.15509e-01	2.84264e-01	2.48667e-01	5.15602e-02
8.98990e-01		4.19750e-01	2.82514e-01	2.46493e-01	5.12431e-02
9.09091e-01		4.24141e-01	2.80306e-01	2.44704e-01	5.08495e-02
9.19192e-01		4.28292e-01	2.78576e-01	2.42681e-01	5.04514e-02
9.29293e-01		4.32468e-01	2.76775e-01	2.40687e-01	5.00694e-02
9.39394e-01		4.36641e-01	2.74896e-01	2.38822e-01	4.96412e-02
9.49495e-01		4.40701e-01	2.73035e-01	2.37007e-01	4.92569e-02
9.59596e-01		4.44898e-01	2.71106e-01	2.35090e-01	4.89051e-02
9.69697e-01		4.48813e-01	2.69354e-01	2.33282e-01	4.85509e-02
9.79798e-01		4.52655e-01	2.67697e-01	2.31437e-01	4.82106e-02
9.89899e-01		4.56500e-01	2.66021e-01	2.29583e-01	4.78958e-02
1.00000e+00		4.60088e-01	2.64549e-01	2.27775e-01	4.75880e-02
